0
3
6.00000000000012
9.00000000000023
12.0000000000003
15.0000000000005
18.0000000000006
21.0000000000007
24.0000000000008
27.0000000000009
30.000000000001
33.0000000000011
36.0000000000013
39.0000000000014
42.0000000000015
45.0000000000016
48.0000000000017
51.0000000000018
54.0000000000019
57.000000000002
60.0000000000022
63.0000000000023
66.0000000000024
69.0000000000025
72.0000000000026
75.0000000000027
78.0000000000028
81.000000000003
84.0000000000031
87.0000000000032
90.0000000000033
93.0000000000034
96.0000000000035
99.0000000000036
102.000000000004
105.000000000004
108.000000000004
111.000000000004
114.000000000004
117.000000000004
120.000000000004
123.000000000005
126.000000000005
129
131.999999999986
134.999999999972
137.999999999958
140.999999999944
143.99999999993
146.999999999915
149.999999999901
152.999999999887
155.999999999873
158.999999999859
161.999999999845
164.999999999831
167.999999999817
170.999999999803
173.999999999789
176.999999999774
179.99999999976
182.999999999746
185.999999999732
188.999999999718
191.999999999704
194.99999999969
197.999999999676
200.999999999662
203.999999999648
206.999999999634
209.999999999619
212.999999999605
215.999999999591
218.999999999577
221.999999999563
224.999999999549
227.999999999535
230.999999999521
233.999999999507
236.999999999493
239.999999999478
242.999999999464
245.99999999945
248.999999999436
251.999999999422
254.999999999408
257.999999999394
260.99999999938
263.999999999366
266.999999999352
269.999999999337
272.999999999323
275.999999999309
278.999999999295
281.999999999281
284.999999999267
287.999999999253
290.999999999239
293.999999999225
296.999999999211
299.999999999197
302.999999999182
305.999999999168
308.999999999154
311.99999999914
314.999999999126
317.999999999112
320.999999999098
323.999999999084
326.99999999907
329.999999999056
332.999999999041
335.999999999027
338.999999999013
341.999999998999
344.999999998985
347.999999998971
350.999999998957
353.999999998943
356.999999998929
359.999999998915
362.9999999989
365.999999998886
368.999999998872
371.999999998858
374.999999998844
377.99999999883
380.999999998816
383.999999998802
386.999999998788
389.999999998774
392.99999999876
395.999999998745
398.999999998731
401.999999998717
404.999999998703
407.999999998689
410.999999998675
413.999999998661
416.999999998647
419.999999998633
422.999999998619
425.999999998604
428.99999999859
431.999999998576
434.999999998562
437.999999998548
440.999999998534
443.99999999852
446.999999998506
449.999999998492
452.999999998478
455.999999998463
458.999999998449
461.999999998435
464.999999998421
467.999999998407
470.999999998393
473.999999998379
476.999999998365
479.999999998351
482.999999998337
485.999999998322
488.999999998308
491.999999998294
494.99999999828
497.999999998266
500.999999998252
503.999999998238
506.999999998224
509.99999999821
512.999999998215
515.999999998257
518.9999999983
521.999999998343
524.999999998386
527.999999998428
530.999999998471
533.999999998514
536.999999998557
539.999999998599
542.999999998642
545.999999998685
548.999999998728
551.99999999877
554.999999998813
557.999999998856
560.999999998898
563.999999998941
566.999999998984
569.999999999027
572.999999999069
575.999999999112
578.999999999155
581.999999999198
584.99999999924
587.999999999283
590.999999999326
593.999999999369
596.999999999411
599.999999999454
602.999999999497
605.99999999954
608.999999999582
611.999999999625
614.999999999668
617.999999999711
620.999999999753
623.999999999796
626.999999999839
629.999999999882
632.999999999924
635.999999999967
639.00000000001
642.000000000053
645.000000000095
648.000000000138
651.000000000181
654.000000000224
657.000000000266
660.000000000309
663.000000000352
666.000000000395
669.000000000437
672.00000000048
675.000000000523
678.000000000566
681.000000000608
684.000000000651
687.000000000694
690.000000000737
693.000000000779
696.000000000822
699.000000000865
702.000000000908
705.00000000095
708.000000000993
711.000000001036
714.000000001079
717.000000001121
720.000000001164
723.000000001207
726.00000000125
729.000000001292
732.000000001335
735.000000001378
738.000000001421
741.000000001463
744.000000001506
747.000000001549
750.000000001592
753.000000001634
756.000000001677
759.00000000172
762.000000001762
765.000000001805
768.000000001848
771.000000001891
774.000000001933
777.000000001976
780.000000002019
783.000000002062
786.000000002104
789.000000002147
792.00000000219
795.000000002233
798.000000002275
801.000000002318
804.000000002361
807.000000002404
810.000000002446
813.000000002489
816.000000002532
819.000000002575
822.000000002617
825.00000000266
828.000000002703
831.000000002746
834.000000002788
837.000000002831
840.000000002874
843.000000002917
846.000000002959
849.000000003002
852.000000003045
855.000000003088
858.00000000313
861.000000003173
864.000000003216
867.000000003259
870.000000003301
873.000000003344
876.000000003387
879.00000000343
882.000000003472
885.000000003515
888.000000003558
891.000000003601
894.000000003643
897.000000003686
900.000000003729
903.000000003772
906.000000003814
909.000000003857
912.0000000039
915.000000003943
918.000000003985
921.000000004028
924.000000004071
927.000000004114
930.000000004156
933.000000004199
936.000000004242
939.000000004285
942.000000004327
945.00000000437
948.000000004413
951.000000004456
954.000000004498
957.000000004541
960.000000004584
963.000000004626
966.000000004669
969.000000004712
972.000000004755
975.000000004797
978.00000000484
981.000000004883
984.000000004926
987.000000004968
990.000000005011
993.000000005054
996.000000005097
999.000000005139
1002.00000000518
1005.00000000522
1008.00000000527
1011.00000000531
1014.00000000535
1017.0000000054
1020.00000000544
1023.00000000548
1026.00000000545
1029.00000000538
1032.00000000531
1035.00000000524
1038.00000000516
1041.00000000509
1044.00000000502
1047.00000000495
1050.00000000488
1053.00000000481
1056.00000000474
1059.00000000467
1062.0000000046
1065.00000000453
1068.00000000446
1071.00000000438
1074.00000000431
1077.00000000424
1080.00000000417
1083.0000000041
1086.00000000403
1089.00000000396
1092.00000000389
1095.00000000382
1098.00000000375
1101.00000000367
1104.0000000036
1107.00000000353
1110.00000000346
1113.00000000339
1116.00000000332
1119.00000000325
1122.00000000318
1125.00000000311
1128.00000000304
1131.00000000297
1134.00000000289
1137.00000000282
1140.00000000275
1143.00000000268
1146.00000000261
1149.00000000254
1152.00000000247
1155.0000000024
1158.00000000233
1161.00000000226
1164.00000000219
1167.00000000211
1170.00000000204
1173.00000000197
1176.0000000019
1179.00000000183
1182.00000000176
1185.00000000169
1188.00000000162
1191.00000000155
1194.00000000148
1197.0000000014
1200.00000000133
1203.00000000126
1206.00000000119
1209.00000000112
1212.00000000105
1215.00000000098
1218.00000000091
1221.00000000084
1224.00000000077
1227.0000000007
1230.00000000062
1233.00000000055
1236.00000000048
1239.00000000041
1242.00000000034
1245.00000000027
1248.0000000002
1251.00000000013
1254.00000000006
1256.99999999999
1259.99999999991
1262.99999999984
1265.99999999977
1268.9999999997
1271.99999999963
1274.99999999956
1277.99999999949
1280.99999999942
1283.99999999935
1286.99999999928
1289.99999999921
1292.99999999913
1295.99999999906
1298.99999999899
1301.99999999892
1304.99999999885
1307.99999999878
1310.99999999871
1313.99999999864
1316.99999999857
1319.9999999985
1322.99999999843
1325.99999999835
1328.99999999828
1331.99999999821
1334.99999999814
1337.99999999807
1340.999999998
1343.99999999793
1346.99999999786
1349.99999999779
1352.99999999772
1355.99999999764
1358.99999999757
1361.9999999975
1364.99999999743
1367.99999999736
1370.99999999729
1373.99999999722
1376.99999999715
1379.99999999708
1382.99999999701
1385.99999999694
1388.99999999686
1391.99999999679
1394.99999999672
1397.99999999665
1400.99999999658
1403.99999999651
1406.99999999644
1409.99999999637
1412.9999999963
1415.99999999623
1418.99999999616
1421.99999999608
1424.99999999601
1427.99999999594
1430.99999999587
1433.9999999958
1436.99999999573
1439.99999999566
1442.99999999559
1445.99999999552
1448.99999999545
1451.99999999537
1454.9999999953
1457.99999999523
1460.99999999516
1463.99999999509
1466.99999999502
1469.99999999495
1472.99999999488
1475.99999999481
1478.99999999474
1481.99999999467
1484.99999999459
1487.99999999452
1490.99999999445
1493.99999999438
1496.99999999431
1499.99999999424
1502.99999999417
1505.9999999941
1508.99999999403
1511.99999999396
1514.99999999389
1517.99999999381
1520.99999999374
1523.99999999367
1526.9999999936
1529.99999999353
1532.99999999346
1535.99999999339
1538.99999999332
1541.99999999325
1544.99999999318
1547.9999999931
1550.99999999303
1553.99999999296
1556.99999999289
1559.99999999282
1562.99999999275
1565.99999999268
1568.99999999261
1571.99999999254
1574.99999999247
1577.9999999924
1580.99999999232
1583.99999999225
1586.99999999218
1589.99999999211
1592.99999999204
1595.99999999197
1598.9999999919
1601.99999999183
1604.99999999176
1607.99999999169
1610.99999999161
1613.99999999154
1616.99999999147
1619.9999999914
1622.99999999133
1625.99999999126
1628.99999999119
1631.99999999112
1634.99999999105
1637.99999999098
1640.99999999091
1643.99999999083
1646.99999999076
1649.99999999069
1652.99999999062
1655.99999999055
1658.99999999048
1661.99999999041
1664.99999999034
1667.99999999027
1670.9999999902
1673.99999999013
1676.99999999005
1679.99999998998
1682.99999998991
1685.99999998984
1688.99999998977
1691.9999999897
1694.99999998963
1697.99999998956
1700.99999998949
1703.99999998942
1706.99999998934
1709.99999998927
1712.9999999892
1715.99999998913
1718.99999998906
1721.99999998899
1724.99999998892
1727.99999998885
1730.99999998878
1733.99999998871
1736.99999998864
1739.99999998856
1742.99999998849
1745.99999998842
1748.99999998835
1751.99999998828
1754.99999998821
1757.99999998814
1760.99999998807
1763.999999988
1766.99999998793
1769.99999998786
1772.99999998778
1775.99999998771
1778.99999998764
1781.99999998757
1784.9999999875
1787.99999998743
1790.99999998736
1793.99999998729
1796.99999998722
1799.99999998715
1802.99999998707
1805.999999987
1808.99999998693
1811.99999998686
1814.99999998679
1817.99999998672
1820.99999998665
1823.99999998658
1826.99999998651
1829.99999998644
1832.99999998637
1835.99999998629
1838.99999998622
1841.99999998615
1844.99999998608
1847.99999998601
1850.99999998594
1853.99999998587
1856.9999999858
1859.99999998573
1862.99999998566
1865.99999998558
1868.99999998551
1871.99999998544
1874.99999998537
1877.9999999853
1880.99999998523
1883.99999998516
1886.99999998509
1889.99999998502
1892.99999998495
1895.99999998488
1898.9999999848
1901.99999998473
1904.99999998466
1907.99999998459
1910.99999998452
1913.99999998445
1916.99999998438
1919.99999998431
1922.99999998424
1925.99999998417
1928.9999999841
1931.99999998402
1934.99999998395
1937.99999998388
1940.99999998381
1943.99999998374
1946.99999998367
1949.9999999836
1952.99999998353
1955.99999998346
1958.99999998339
1961.99999998331
1964.99999998324
1967.99999998317
1970.9999999831
1973.99999998303
1976.99999998296
1979.99999998289
1982.99999998282
1985.99999998275
1988.99999998268
1991.99999998261
1994.99999998253
1997.99999998246
2000.99999998239
2003.99999998232
2006.99999998225
2009.99999998218
2012.99999998211
2015.99999998204
2018.99999998197
2021.9999999819
2024.99999998183
2027.99999998175
2030.99999998168
2033.99999998161
2036.99999998154
2039.99999998147
2042.9999999814
2045.99999998133
2048.99999998133
2051.99999998149
2054.99999998165
2057.9999999818
2060.99999998196
2063.99999998212
2066.99999998227
2069.99999998243
2072.99999998258
2075.99999998274
2078.9999999829
2081.99999998305
2084.99999998321
2087.99999998337
2090.99999998352
2093.99999998368
2096.99999998384
2099.99999998399
2102.99999998415
2105.99999998431
2108.99999998446
2111.99999998462
2114.99999998478
2117.99999998493
2120.99999998509
2123.99999998524
2126.9999999854
2129.99999998556
2132.99999998571
2135.99999998587
2138.99999998603
2141.99999998618
2144.99999998634
2147.9999999865
2150.99999998665
2153.99999998681
2156.99999998697
2159.99999998712
2162.99999998728
2165.99999998743
2168.99999998759
2171.99999998775
2174.9999999879
2177.99999998806
2180.99999998822
2183.99999998837
2186.99999998853
2189.99999998869
2192.99999998884
2195.999999989
2198.99999998916
2201.99999998931
2204.99999998947
2207.99999998962
2210.99999998978
2213.99999998994
2216.99999999009
2219.99999999025
2222.99999999041
2225.99999999056
2228.99999999072
2231.99999999088
2234.99999999103
2237.99999999119
2240.99999999135
2243.9999999915
2246.99999999166
2249.99999999181
2252.99999999197
2255.99999999213
2258.99999999228
2261.99999999244
2264.9999999926
2267.99999999275
2270.99999999291
2273.99999999307
2276.99999999322
2279.99999999338
2282.99999999354
2285.99999999369
2288.99999999385
2291.999999994
2294.99999999416
2297.99999999432
2300.99999999447
2303.99999999463
2306.99999999479
2309.99999999494
2312.9999999951
2315.99999999526
2318.99999999541
2321.99999999557
2324.99999999573
2327.99999999588
2330.99999999604
2333.99999999619
2336.99999999635
2339.99999999651
2342.99999999666
2345.99999999682
2348.99999999698
2351.99999999713
2354.99999999729
2357.99999999745
2360.9999999976
2363.99999999776
2366.99999999792
2369.99999999807
2372.99999999823
2375.99999999838
2378.99999999854
2381.9999999987
2384.99999999885
2387.99999999901
2390.99999999917
2393.99999999932
2396.99999999948
2399.99999999964
2402.99999999979
2405.99999999995
2409.00000000011
2412.00000000026
2415.00000000042
2418.00000000057
2421.00000000073
2424.00000000089
2427.00000000104
2430.0000000012
2433.00000000136
2436.00000000151
2439.00000000167
2442.00000000183
2445.00000000198
2448.00000000214
2451.0000000023
2454.00000000245
2457.00000000261
2460.00000000276
2463.00000000292
2466.00000000308
2469.00000000323
2472.00000000339
2475.00000000355
2478.0000000037
2481.00000000386
2484.00000000402
2487.00000000417
2490.00000000433
2493.00000000449
2496.00000000464
2499.0000000048
2502.00000000495
2505.00000000511
2508.00000000527
2511.00000000542
2514.00000000558
2517.00000000574
2520.00000000589
2523.00000000605
2526.00000000621
2529.00000000636
2532.00000000652
2535.00000000668
2538.00000000683
2541.00000000699
2544.00000000714
2547.0000000073
2550.00000000746
2553.00000000761
2556.00000000777
2559.00000000793
2562.00000000808
2565.00000000824
2568.0000000084
2571.00000000855
2574.00000000871
2577.00000000887
2580.00000000902
2583.00000000918
2586.00000000934
2589.00000000949
2592.00000000965
2595.0000000098
2598.00000000996
2601.00000001012
2604.00000001027
2607.00000001043
2610.00000001059
2613.00000001074
2616.0000000109
2619.00000001106
2622.00000001121
2625.00000001137
2628.00000001153
2631.00000001168
2634.00000001184
2637.00000001199
2640.00000001215
2643.00000001231
2646.00000001246
2649.00000001262
2652.00000001278
2655.00000001293
2658.00000001309
2661.00000001325
2664.0000000134
2667.00000001356
2670.00000001372
2673.00000001387
2676.00000001403
2679.00000001418
2682.00000001434
2685.0000000145
2688.00000001465
2691.00000001481
2694.00000001497
2697.00000001512
2700.00000001528
2703.00000001544
2706.00000001559
2709.00000001575
2712.00000001591
2715.00000001606
2718.00000001622
2721.00000001637
2724.00000001653
2727.00000001669
2730.00000001684
2733.000000017
2736.00000001716
2739.00000001731
2742.00000001747
2745.00000001763
2748.00000001778
2751.00000001794
2754.0000000181
2757.00000001825
2760.00000001841
2763.00000001856
2766.00000001872
2769.00000001888
2772.00000001903
2775.00000001919
2778.00000001935
2781.0000000195
2784.00000001966
2787.00000001982
2790.00000001997
2793.00000002013
2796.00000002029
2799.00000002044
2802.0000000206
2805.00000002075
2808.00000002091
2811.00000002107
2814.00000002122
2817.00000002138
2820.00000002154
2823.00000002169
2826.00000002185
2829.00000002201
2832.00000002216
2835.00000002232
2838.00000002248
2841.00000002263
2844.00000002279
2847.00000002294
2850.0000000231
2853.00000002326
2856.00000002341
2859.00000002357
2862.00000002373
2865.00000002388
2868.00000002404
2871.0000000242
2874.00000002435
2877.00000002451
2880.00000002467
2883.00000002482
2886.00000002498
2889.00000002513
2892.00000002529
2895.00000002545
2898.0000000256
2901.00000002576
2904.00000002592
2907.00000002607
2910.00000002623
2913.00000002639
2916.00000002654
2919.0000000267
2922.00000002686
2925.00000002701
2928.00000002717
2931.00000002732
2934.00000002748
2937.00000002764
2940.00000002779
2943.00000002795
2946.00000002811
2949.00000002826
2952.00000002842
2955.00000002858
2958.00000002873
2961.00000002889
2964.00000002905
2967.0000000292
2970.00000002936
2973.00000002951
2976.00000002967
2979.00000002983
2982.00000002998
2985.00000003014
2988.0000000303
2991.00000003045
2994.00000003061
2997.00000003077
3000.00000003092
3003.00000003108
3006.00000003124
3009.00000003139
3012.00000003155
3015.0000000317
3018.00000003186
3021.00000003202
3024.00000003217
3027.00000003233
3030.00000003249
3033.00000003264
3036.0000000328
3039.00000003296
3042.00000003311
3045.00000003327
3048.00000003343
3051.00000003358
3054.00000003374
3057.0000000339
3060.00000003405
3063.00000003421
3066.00000003436
3069.00000003452
3072.00000003468
3075.00000003483
3078.00000003499
3081.00000003515
3084.0000000353
3087.00000003546
3090.00000003562
3093.00000003577
3096.00000003593
3099.00000003609
3102.00000003624
3105.0000000364
3108.00000003655
3111.00000003671
3114.00000003687
3117.00000003702
3120.00000003718
3123.00000003734
3126.00000003749
3129.00000003765
3132.00000003781
3135.00000003796
3138.00000003812
3141.00000003828
3144.00000003843
3147.00000003859
3150.00000003874
3153.0000000389
3156.00000003906
3159.00000003921
3162.00000003937
3165.00000003953
3168.00000003968
3171.00000003984
3174.00000004
3177.00000004015
3180.00000004031
3183.00000004047
3186.00000004062
3189.00000004078
3192.00000004093
3195.00000004109
3198.00000004125
3201.0000000414
3204.00000004156
3207.00000004172
3210.00000004187
3213.00000004203
3216.00000004219
3219.00000004234
3222.0000000425
3225.00000004266
3228.00000004281
3231.00000004297
3234.00000004312
3237.00000004328
3240.00000004344
3243.00000004359
3246.00000004375
3249.00000004391
3252.00000004406
3255.00000004422
3258.00000004438
3261.00000004453
3264.00000004469
3267.00000004485
3270.000000045
3273.00000004516
3276.00000004531
3279.00000004547
3282.00000004563
3285.00000004578
3288.00000004594
3291.0000000461
3294.00000004625
3297.00000004641
3300.00000004657
3303.00000004672
3306.00000004688
3309.00000004704
3312.00000004719
3315.00000004735
3318.0000000475
3321.00000004766
3324.00000004782
3327.00000004797
3330.00000004813
3333.00000004829
3336.00000004844
3339.0000000486
3342.00000004876
3345.00000004891
3348.00000004907
3351.00000004923
3354.00000004938
3357.00000004954
3360.00000004969
3363.00000004985
3366.00000005001
3369.00000005016
3372.00000005032
3375.00000005048
3378.00000005063
3381.00000005079
3384.00000005095
3387.0000000511
3390.00000005126
3393.00000005142
3396.00000005157
3399.00000005173
3402.00000005188
3405.00000005204
3408.0000000522
3411.00000005235
3414.00000005251
3417.00000005267
3420.00000005282
3423.00000005298
3426.00000005314
3429.00000005329
3432.00000005345
3435.00000005361
3438.00000005376
3441.00000005392
3444.00000005407
3447.00000005423
3450.00000005439
3453.00000005454
3456.0000000547
3459.00000005486
3462.00000005501
3465.00000005517
3468.00000005533
3471.00000005548
3474.00000005564
3477.0000000558
3480.00000005595
3483.00000005611
3486.00000005626
3489.00000005642
3492.00000005658
3495.00000005673
3498.00000005689
3501.00000005705
3504.0000000572
3507.00000005736
3510.00000005752
3513.00000005767
3516.00000005783
3519.00000005799
3522.00000005814
3525.0000000583
3528.00000005846
3531.00000005861
3534.00000005877
3537.00000005892
3540.00000005908
3543.00000005924
3546.00000005939
3549.00000005955
3552.00000005971
3555.00000005986
3558.00000006002
3561.00000006018
3564.00000006033
3567.00000006049
3570.00000006065
3573.0000000608
3576.00000006096
3579.00000006111
3582.00000006127
3585.00000006143
3588.00000006158
3591.00000006174
3594.0000000619
3597.00000006205
3600.00000006221
3603.00000006237
3606.00000006252
3609.00000006268
3612.00000006284
3615.00000006299
3618.00000006315
3621.0000000633
3624.00000006346
3627.00000006362
3630.00000006377
3633.00000006393
3636.00000006409
3639.00000006424
3642.0000000644
3645.00000006456
3648.00000006471
3651.00000006487
3654.00000006503
3657.00000006518
3660.00000006534
3663.00000006549
3666.00000006565
3669.00000006581
3672.00000006596
3675.00000006612
3678.00000006628
3681.00000006643
3684.00000006659
3687.00000006675
3690.0000000669
3693.00000006706
3696.00000006722
3699.00000006737
3702.00000006753
3705.00000006768
3708.00000006784
3711.000000068
3714.00000006815
3717.00000006831
3720.00000006847
3723.00000006862
3726.00000006878
3729.00000006894
3732.00000006909
3735.00000006925
3738.00000006941
3741.00000006956
3744.00000006972
3747.00000006987
3750.00000007003
3753.00000007019
3756.00000007034
3759.0000000705
3762.00000007066
3765.00000007081
3768.00000007097
3771.00000007113
3774.00000007128
3777.00000007144
3780.0000000716
3783.00000007175
3786.00000007191
3789.00000007206
3792.00000007222
3795.00000007238
3798.00000007253
3801.00000007269
3804.00000007285
3807.000000073
3810.00000007316
3813.00000007332
3816.00000007347
3819.00000007363
3822.00000007379
3825.00000007394
3828.0000000741
3831.00000007425
3834.00000007441
3837.00000007457
3840.00000007472
3843.00000007488
3846.00000007504
3849.00000007519
3852.00000007535
3855.00000007551
3858.00000007566
3861.00000007582
3864.00000007598
3867.00000007613
3870.00000007629
3873.00000007644
3876.0000000766
3879.00000007676
3882.00000007691
3885.00000007707
3888.00000007723
3891.00000007738
3894.00000007754
3897.0000000777
3900.00000007785
3903.00000007801
3906.00000007817
3909.00000007832
3912.00000007848
3915.00000007863
3918.00000007879
3921.00000007895
3924.0000000791
3927.00000007926
3930.00000007942
3933.00000007957
3936.00000007973
3939.00000007989
3942.00000008004
3945.0000000802
3948.00000008036
3951.00000008051
3954.00000008067
3957.00000008082
3960.00000008098
3963.00000008114
3966.00000008129
3969.00000008145
3972.00000008161
3975.00000008176
3978.00000008192
3981.00000008208
3984.00000008223
3987.00000008239
3990.00000008255
3993.0000000827
3996.00000008286
3999.00000008302
4002.00000008317
4005.00000008333
4008.00000008348
4011.00000008364
4014.0000000838
4017.00000008395
4020.00000008411
4023.00000008427
4026.00000008442
4029.00000008458
4032.00000008474
4035.00000008489
4038.00000008505
4041.00000008521
4044.00000008536
4047.00000008552
4050.00000008567
4053.00000008583
4056.00000008599
4059.00000008614
4062.0000000863
4065.00000008646
4068.00000008661
4071.00000008677
4074.00000008693
4077.00000008708
4080.00000008724
4083.0000000874
4086.00000008755
4089.00000008771
4092.00000008786
4095.00000008802
4098.00000008787
4101.00000008758
4104.00000008728
4107.00000008698
4110.00000008668
4113.00000008638
4116.00000008608
4119.00000008579
4122.00000008549
4125.00000008519
4128.00000008489
4131.00000008459
4134.00000008429
4137.000000084
4140.0000000837
4143.0000000834
4146.0000000831
4149.0000000828
4152.0000000825
4155.00000008221
4158.00000008191
4161.00000008161
4164.00000008131
4167.00000008101
4170.00000008071
4173.00000008042
4176.00000008012
4179.00000007982
4182.00000007952
4185.00000007922
4188.00000007893
4191.00000007863
4194.00000007833
4197.00000007803
4200.00000007773
4203.00000007743
4206.00000007714
4209.00000007684
4212.00000007654
4215.00000007624
4218.00000007594
4221.00000007564
4224.00000007535
4227.00000007505
4230.00000007475
4233.00000007445
4236.00000007415
4239.00000007385
4242.00000007356
4245.00000007326
4248.00000007296
4251.00000007266
4254.00000007236
4257.00000007206
4260.00000007177
4263.00000007147
4266.00000007117
4269.00000007087
4272.00000007057
4275.00000007027
4278.00000006998
4281.00000006968
4284.00000006938
4287.00000006908
4290.00000006878
4293.00000006848
4296.00000006819
4299.00000006789
4302.00000006759
4305.00000006729
4308.00000006699
4311.00000006669
4314.0000000664
4317.0000000661
4320.0000000658
4323.0000000655
4326.0000000652
4329.0000000649
4332.00000006461
4335.00000006431
4338.00000006401
4341.00000006371
4344.00000006341
4347.00000006311
4350.00000006282
4353.00000006252
4356.00000006222
4359.00000006192
4362.00000006162
4365.00000006132
4368.00000006103
4371.00000006073
4374.00000006043
4377.00000006013
4380.00000005983
4383.00000005953
4386.00000005924
4389.00000005894
4392.00000005864
4395.00000005834
4398.00000005804
4401.00000005774
4404.00000005745
4407.00000005715
4410.00000005685
4413.00000005655
4416.00000005625
4419.00000005595
4422.00000005566
4425.00000005536
4428.00000005506
4431.00000005476
4434.00000005446
4437.00000005416
4440.00000005387
4443.00000005357
4446.00000005327
4449.00000005297
4452.00000005267
4455.00000005238
4458.00000005208
4461.00000005178
4464.00000005148
4467.00000005118
4470.00000005088
4473.00000005059
4476.00000005029
4479.00000004999
4482.00000004969
4485.00000004939
4488.00000004909
4491.0000000488
4494.0000000485
4497.0000000482
4500.0000000479
4503.0000000476
4506.0000000473
4509.00000004701
4512.00000004671
4515.00000004641
4518.00000004611
4521.00000004581
4524.00000004551
4527.00000004522
4530.00000004492
4533.00000004462
4536.00000004432
4539.00000004402
4542.00000004372
4545.00000004343
4548.00000004313
4551.00000004283
4554.00000004253
4557.00000004223
4560.00000004193
4563.00000004164
4566.00000004134
4569.00000004104
4572.00000004074
4575.00000004044
4578.00000004014
4581.00000003985
4584.00000003955
4587.00000003925
4590.00000003895
4593.00000003865
4596.00000003835
4599.00000003806
4602.00000003776
4605.00000003746
4608.00000003716
4611.00000003686
4614.00000003656
4617.00000003627
4620.00000003597
4623.00000003567
4626.00000003537
4629.00000003507
4632.00000003477
4635.00000003448
4638.00000003418
4641.00000003388
4644.00000003358
4647.00000003328
4650.00000003298
4653.00000003269
4656.00000003239
4659.00000003209
4662.00000003179
4665.00000003149
4668.00000003119
4671.0000000309
4674.0000000306
4677.0000000303
4680.00000003
4683.0000000297
4686.0000000294
4689.00000002911
4692.00000002881
4695.00000002851
4698.00000002821
4701.00000002791
4704.00000002761
4707.00000002732
4710.00000002702
4713.00000002672
4716.00000002642
4719.00000002612
4722.00000002583
4725.00000002553
4728.00000002523
4731.00000002493
4734.00000002463
4737.00000002433
4740.00000002404
4743.00000002374
4746.00000002344
4749.00000002314
4752.00000002284
4755.00000002254
4758.00000002225
4761.00000002195
4764.00000002165
4767.00000002135
4770.00000002105
4773.00000002075
4776.00000002046
4779.00000002016
4782.00000001986
4785.00000001956
4788.00000001926
4791.00000001896
4794.00000001867
4797.00000001837
4800.00000001807
4803.00000001777
4806.00000001747
4809.00000001717
4812.00000001688
4815.00000001658
4818.00000001628
4821.00000001598
4824.00000001568
4827.00000001538
4830.00000001509
4833.00000001479
4836.00000001449
4839.00000001419
4842.00000001389
4845.00000001359
4848.0000000133
4851.000000013
4854.0000000127
4857.0000000124
4860.0000000121
4863.0000000118
4866.00000001151
4869.00000001121
4872.00000001091
4875.00000001061
4878.00000001031
4881.00000001001
4884.00000000972
4887.00000000942
4890.00000000912
4893.00000000882
4896.00000000852
4899.00000000822
4902.00000000793
4905.00000000763
4908.00000000733
4911.00000000703
4914.00000000673
4917.00000000643
4920.00000000614
4923.00000000584
4926.00000000554
4929.00000000524
4932.00000000494
4935.00000000464
4938.00000000435
4941.00000000405
4944.00000000375
4947.00000000345
4950.00000000315
4953.00000000285
4956.00000000256
4959.00000000226
4962.00000000196
4965.00000000166
4968.00000000136
4971.00000000107
4974.00000000077
4977.00000000047
4980.00000000017
4982.99999999987
4985.99999999957
4988.99999999928
4991.99999999898
4994.99999999868
4997.99999999838
